11.98719573020935
11.033551931381226
10.807739019393921
10.841115951538086
11.498489141464233
11.611027956008911
11.066413164138794
11.34914779663086
11.559484243392944
11.84224796295166
11.229103326797485
11.282441139221191
11.234435081481934
11.19523286819458
11.398189067840576
11.213858127593994
11.289401292800903
11.303747177124023
11.293061017990112
11.298304796218872
11.2883141040802
11.294946908950806
11.314486026763916
11.36685299873352
11.332620620727539
11.349632024765015
11.322546005249023
11.36801290512085
11.34971809387207
11.424182653427124
11.497218132019043
11.441243171691895
11.588554859161377
11.378448009490967
11.376904010772705
11.438419342041016
11.444825887680054
11.409385919570923
11.434858798980713
11.489415884017944
11.444891214370728
11.432261943817139
11.408782005310059
11.404472827911377
11.459213972091675
11.439802885055542
11.442257165908813
11.444289207458496
11.467950105667114
11.446918964385986
11.649359226226807
11.443021774291992
11.438085079193115
11.442345142364502
11.44521689414978
11.477052211761475
11.462617874145508
11.651403188705444
11.709038019180298
11.742562055587769
11.780215978622437
11.811387777328491
11.811328887939453
11.786113977432251
11.971524000167847
11.703123331069946
11.737224817276001
11.769814014434814
11.783920764923096
11.765007019042969
11.732549905776978
11.697609901428223
11.708683013916016
11.688110113143921
11.760010957717896
11.76019811630249
11.796288013458252
11.796447038650513
11.752698183059692
11.7882821559906
11.767911911010742
11.722952127456665
11.808905124664307
11.777434825897217
11.787041902542114
11.810931205749512
11.81147813796997
11.78450894355774
11.805155992507935
11.77883529663086
11.79816198348999
11.771353721618652
11.766162157058716
11.811729192733765
11.764961004257202
11.802215814590454
11.887113809585571
11.87912893295288
11.835245132446289
11.796993017196655
11.904358863830566
11.800091743469238
11.840840101242065
11.824458122253418
11.852324962615967
11.867454051971436
11.836634159088135
11.902864694595337
11.859416723251343
11.87047815322876
11.867616891860962
11.857812881469727
11.828799962997437
11.83299732208252
11.86519718170166
11.881033897399902
11.804901123046875
11.818173885345459
11.8417649269104
11.869441986083984
11.806108236312866
11.837478876113892
11.88104796409607
11.867762088775635
11.858175039291382
11.865611791610718
11.888982772827148
11.976338863372803
12.000808954238892
11.917631149291992
11.820038318634033
11.868757963180542
12.06264591217041
11.896070718765259
11.918038845062256
11.903183698654175
11.8590829372406
11.9005765914917
11.889918088912964
11.914631843566895
11.974699020385742
11.998878002166748
11.90353512763977
11.957541942596436
11.887187957763672
11.907328844070435
11.898972034454346
11.931314945220947
11.952056884765625
11.957331895828247
11.981905937194824
11.913457155227661
11.926929950714111
11.949311017990112
11.888982057571411
11.916369199752808
11.891687870025635
11.908780813217163
11.989384174346924
12.590609788894653
12.244367122650146
12.107591152191162
12.0761559009552
12.020442008972168
11.966324806213379
11.909621953964233
11.984070062637329
11.974639892578125
12.029474973678589
11.946372032165527
11.951616048812866
11.917457103729248
11.913592100143433
11.954907178878784
11.931185960769653
11.94379997253418
11.965995073318481
11.94891095161438
11.92373514175415
11.955604076385498
11.936020135879517
11.985854148864746
12.148795127868652
12.008142232894897
11.949979066848755
11.917894124984741
12.018292903900146
11.989786148071289
11.963154077529907
12.004264831542969
12.009918928146362
11.965440034866333
12.157220840454102
12.056497812271118
12.019706010818481
11.958779096603394
12.054635047912598
12.03962516784668
11.99583387374878
12.103354930877686
11.957031965255737
12.107877969741821
12.05238127708435
12.14440107345581
11.953059911727905
11.93577766418457
11.96739673614502
12.005509853363037
11.953780174255371
12.00280499458313
12.003386974334717
12.016728162765503
12.183968782424927
12.008193969726562
12.03407096862793
12.027626991271973
12.095491170883179
12.014212131500244
12.029150247573853
11.963615894317627
11.966830730438232
11.96896505355835
11.922936916351318
11.963959693908691
12.040334224700928
11.96933388710022
11.984094858169556
11.981407403945923
11.914466857910156
12.326659917831421
12.40148401260376
12.296847820281982
12.263158798217773
12.641575813293457
12.58405590057373
12.229570150375366
11.972678899765015
11.968294858932495
12.023773193359375
12.04751205444336
12.032170057296753
12.096158981323242
12.186948776245117
12.106677055358887
12.097096920013428
12.082903861999512
12.077929019927979
12.096450090408325
12.117101192474365
12.082056999206543
12.108593940734863
12.078025102615356
12.145807027816772
12.073523044586182
12.08951997756958
12.042768001556396
12.144351959228516
12.025845050811768
11.981995105743408
12.256945848464966
12.574451923370361
12.42253303527832
12.331927061080933
12.286630868911743
12.330782175064087
12.361071109771729
12.381663084030151
12.324640035629272
12.292557716369629
12.094652891159058
12.027663230895996
12.088334083557129
12.096465826034546
12.03826093673706
12.038856029510498
12.219783067703247
12.05585789680481
12.180984020233154
12.056323766708374
12.036418914794922
11.928751230239868
11.911284923553467
12.173880100250244
11.998442888259888
11.983332872390747
11.954135179519653
11.995784997940063
12.014500856399536
11.9635169506073
12.14991807937622
12.294962882995605
11.990388870239258
12.021135091781616
12.019733905792236
11.992459058761597
12.019850015640259
11.919163942337036
11.956197738647461
11.985993146896362
11.985553979873657
11.91697382926941
11.941162824630737
11.982272148132324
11.985445261001587
12.000980854034424
11.991936922073364
12.020055055618286
12.001988172531128
12.024941682815552
12.100358009338379
12.389815092086792
12.08964490890503
12.069551944732666
12.114591121673584
11.884670972824097
11.870719909667969
11.878785133361816
11.873323917388916
11.863821983337402
11.87369179725647
12.025513887405396
12.041213035583496
11.915544033050537
11.877194166183472
11.93287992477417
11.910064935684204
11.877775192260742
11.867396116256714
11.887728214263916
11.946939945220947
12.000178813934326
11.917633056640625
11.901056051254272
11.888000965118408
11.97804880142212
11.905778884887695
11.921917915344238
11.904922008514404
11.893755197525024
11.883673191070557
11.87114691734314
11.897740840911865
11.883966207504272
11.925005674362183
11.871937036514282
11.970944166183472
11.980732917785645
11.911686897277832
11.925228118896484
11.874500274658203
11.914184093475342
11.848841905593872
12.281610012054443
12.32344388961792
12.226501941680908
12.399190187454224
12.201406002044678
12.074363231658936
12.529367923736572
12.632755756378174
12.597914218902588
12.294155836105347
11.98603892326355
11.95006799697876
11.935353994369507
11.991472959518433
11.90927505493164
11.934310913085938
11.857422113418579
11.910974979400635
11.896146059036255
11.980771780014038
11.918893098831177
11.895705223083496
11.93709683418274
11.961845636367798
11.984602928161621
11.946706771850586
11.873055934906006
11.88869309425354
11.9199800491333
11.907835245132446
11.911510944366455
11.911467790603638
11.974721193313599
12.105380296707153
11.964529991149902
11.929907083511353
11.880987167358398
11.900986194610596
11.94908595085144
11.923573970794678
11.915067911148071
11.859739065170288
11.893793106079102
11.907531976699829
11.956578016281128
11.896844863891602
11.883218050003052
11.906860828399658
11.88417100906372
11.890256881713867
11.916498899459839
11.915866136550903
11.881624937057495
11.894798755645752
11.98239517211914
11.934536933898926
11.915778875350952
11.874500036239624
11.914319038391113
11.903026819229126
11.913536071777344
11.856696128845215
11.922638893127441
11.908275842666626
11.940541982650757
12.021267890930176
11.974837064743042
11.899186849594116
11.9375159740448
11.97134804725647
11.915467023849487
11.893488883972168
11.891052007675171
11.9043869972229
11.987627029418945
12.118873119354248
11.966413974761963
11.970247983932495
11.975247859954834
11.94271993637085
11.936508893966675
11.941068172454834
11.906857252120972
11.947892904281616
11.924551010131836
11.92042088508606
11.954654932022095
11.950348854064941
12.012752056121826
11.922613143920898
11.91635012626648
11.917934894561768
11.91754698753357
11.914478063583374
11.896316051483154
11.954962968826294
11.959760904312134
12.064745903015137
11.942434787750244
11.948683977127075
11.996065855026245
12.000587701797485
11.93314528465271
11.972380876541138
12.038815975189209
11.969520807266235
12.602222204208374
12.127861022949219
12.075216293334961
12.084754943847656
12.009135007858276
11.91611909866333
11.90078091621399
11.947407007217407
11.901155948638916
12.014736890792847
11.873114109039307
11.921379804611206
11.920621871948242
11.956223011016846
11.910881996154785
11.909299850463867
11.923052072525024
11.860859155654907
11.865609884262085
11.92924165725708
11.957089185714722
11.95380711555481
12.122479915618896
12.031445980072021
12.107954025268555
11.94576382637024
11.914851665496826
11.982278823852539
11.97668719291687
11.956248044967651
11.96605896949768
11.856986284255981
11.908991813659668
11.897532224655151
12.026522874832153
11.909915924072266
11.933101892471313
12.067600011825562
11.902853012084961
11.886185884475708
11.904437065124512
11.909054040908813
11.965525388717651
11.938230752944946
11.95224118232727
11.972247838973999
11.966627836227417
11.926820039749146
11.925498008728027
11.915431022644043
11.921403884887695
11.94047212600708
11.976155996322632
11.97256588935852
11.99751901626587
12.092679262161255
11.96999716758728
12.00639820098877
11.89822506904602
11.921449899673462
11.944765090942383
12.311886072158813
11.965234994888306
11.999190092086792
11.909625053405762
11.967400789260864
11.947627067565918
11.935497999191284
12.004807949066162
11.987738847732544
11.953401803970337
12.0518958568573
12.004276037216187
11.977103233337402
11.951295137405396
11.89980697631836
11.91971492767334
11.960591077804565
11.890701055526733
11.956893920898438
11.934132099151611
11.918611288070679
11.933994054794312
11.957112789154053
11.918817043304443
11.902700185775757
11.994726181030273
12.047067880630493
11.903186082839966
11.988442182540894
11.937254905700684
11.915958166122437
11.897771835327148
11.93804407119751
11.906092643737793
11.962809085845947
11.946377038955688
11.943108081817627
11.944793939590454
11.915366888046265
11.903016090393066
11.903536081314087
11.91444206237793
11.9944589138031
11.967462062835693
12.13507604598999
12.238442182540894
12.224374055862427
12.203119039535522
12.292985916137695
12.22329592704773
12.254501104354858
12.21636414527893
12.103139162063599
11.969014167785645
12.00607180595398
11.947284936904907
11.96635103225708
11.897459030151367
12.173868179321289
12.046173810958862
11.955985069274902
11.947319984436035
11.938133955001831
11.987323760986328
11.982244968414307
11.922872066497803
11.921340942382812
11.951677799224854
11.964909076690674
11.989126920700073
11.9668710231781
11.963811874389648
12.014123678207397
12.281216144561768
12.111052751541138
12.000994205474854
11.94709300994873
11.917049169540405
11.966521978378296
11.995397806167603
11.984039306640625
11.918232917785645
12.032579183578491
12.019874095916748
12.02683711051941
12.056823253631592
12.006311893463135
12.016155004501343
12.18268871307373
11.994447946548462
12.095109701156616
12.102307081222534
12.220475912094116
12.71191120147705
12.188596248626709
12.189690113067627
12.477583885192871
12.101276874542236
12.051418781280518
12.066504955291748
12.071822881698608
11.98638916015625
11.969152688980103
11.98181414604187
11.922309875488281
11.962175846099854
11.909818172454834
11.9705228805542
11.934353113174438
12.035786867141724
12.027976751327515
12.030541896820068
12.009155035018921
12.030823945999146
12.015089273452759
11.952978134155273
11.948395013809204
11.944471836090088
11.971899032592773
11.988675832748413
11.970531940460205
12.01343297958374
12.177576065063477
11.952717781066895
11.962888956069946
11.947306871414185
12.007577657699585
11.9425630569458
11.972602844238281
12.003203868865967
11.970669984817505
11.96851396560669
12.017384052276611
11.980754852294922
12.012800931930542
12.02595591545105
12.08730697631836
12.083482027053833
12.160024881362915
12.09482717514038
12.028264045715332
12.012768030166626
11.972723007202148
11.983484983444214
11.959499835968018
12.062026023864746
12.06643295288086
12.032060861587524
11.970231056213379
11.973302841186523
11.969494581222534
11.986105918884277
12.030460119247437
11.983412981033325
12.154383897781372
11.97413682937622
11.985131025314331
11.980684995651245
11.983828067779541
12.02336072921753
11.978275775909424
11.950841903686523
12.002587795257568
11.978997945785522
11.963889122009277
11.939802169799805
11.93698000907898
12.004883050918579
11.995434999465942
12.008808135986328
11.991307020187378
12.01124882698059
12.033225059509277
12.038989067077637
12.02390432357788
12.054983854293823
12.004877090454102
11.956772804260254
12.008690118789673
11.96750783920288
11.992770910263062
12.03298306465149
12.017023086547852
11.984678983688354
12.057154178619385
12.050711154937744
12.072438955307007
12.118144750595093
12.033475160598755
12.034897804260254
11.996227025985718
11.965927362442017
12.010331869125366
11.958389043807983
11.978623151779175
12.013366937637329
12.003812074661255
12.041424751281738
12.016022682189941
11.988205194473267
12.027009963989258
12.073082208633423
12.05891489982605
12.049814701080322
11.988384246826172
12.000732183456421
11.981226921081543
12.137683868408203
12.023824214935303
12.077197074890137
12.029668092727661
11.981031894683838
11.968313932418823
11.970732927322388
12.062247037887573
11.963435173034668
11.911581754684448
11.982689142227173
12.028264045715332
12.174206018447876
12.023803234100342
12.039978981018066
12.015703916549683
11.990417957305908
11.98502802848816
12.052332639694214
12.062083959579468
12.04963994026184
11.994194984436035
12.004762887954712
12.008316993713379
11.964605808258057
11.989339828491211
12.014780759811401
11.985865354537964
12.020391941070557
12.041496992111206
12.022511959075928
11.99450397491455
12.031688213348389
12.145073890686035
12.185553073883057
12.009377002716064
11.985720157623291
12.008848190307617
11.968683004379272
12.075553894042969
11.969750881195068
12.003625869750977
12.026889085769653
11.99189305305481
12.024751901626587
11.993615865707397
12.019009113311768
12.0207679271698
12.026413202285767
11.990063190460205
11.999390363693237
11.982565879821777
12.07087516784668
12.042632102966309
12.050396919250488
11.975433111190796
12.01820683479309
11.982638835906982
11.983725786209106
12.00672197341919
11.99613094329834
11.972545146942139
11.987659931182861
12.030617952346802
11.999797821044922
11.99900197982788
12.017680883407593
12.07873821258545
12.067116022109985
12.059810876846313
12.067199945449829
12.036278009414673
11.984852075576782
12.001110076904297
12.005561828613281
11.980489253997803
12.188697099685669
11.992277145385742
12.055696964263916
12.046706199645996
12.037621974945068
12.025341272354126
11.973307132720947
11.996368885040283
11.9737389087677
12.004592895507812
11.983274936676025
12.0435152053833
12.035897016525269
11.994514226913452
11.98186707496643
12.50850796699524
12.098061800003052
12.001258134841919
12.008209943771362
11.974238872528076
11.972295999526978
11.927407026290894
11.9967679977417
11.951609134674072
12.032187223434448
11.992949962615967
12.028073072433472
11.989084005355835
12.040205001831055
12.005040884017944
12.033140897750854
12.032519817352295
12.095165967941284
12.00992202758789
12.055482149124146
12.01350212097168
12.032613039016724
12.07148814201355
11.997627973556519
12.090672254562378
12.076271057128906
12.04940390586853
12.079751968383789
12.075058937072754
12.04213809967041
12.06464672088623
11.966497898101807
12.094060897827148
12.066080093383789
11.998578071594238
12.00031590461731
11.96920394897461
11.993397951126099
12.14450216293335
12.045493841171265
12.03355598449707
12.021836996078491
12.060298204421997
11.981956958770752
11.993413209915161
11.973643064498901
12.01893401145935
11.98748779296875
11.959920883178711
12.180203914642334
12.061762809753418
12.036923170089722
12.224433898925781
12.065659999847412
12.012446165084839
12.078618049621582
12.0211820602417
12.04877495765686
12.010242938995361
12.120512008666992
12.027284860610962
12.0153169631958
12.021559000015259
12.033698081970215
12.123532056808472
12.028924226760864
12.000659942626953
11.986181020736694
11.948697805404663
12.072597026824951
12.339171171188354
12.170753717422485
12.029642105102539
12.275330066680908
11.997848749160767
11.989365816116333
12.004776000976562
12.001873970031738
11.955010890960693
11.991695880889893
11.966005086898804
12.41867709159851
12.413234949111938
12.2002592086792
12.179087162017822
12.737163066864014
12.485474109649658
12.275880336761475
12.952890157699585
12.344505786895752
12.464648008346558
12.44871711730957
12.094617128372192
12.396482944488525
12.661830186843872
12.493108987808228
12.77892017364502
12.794570922851562
12.564988136291504
12.563512086868286
12.434067249298096
11.569243907928467
11.649438858032227
11.849656820297241
11.629361152648926
11.414809226989746
11.116928100585938
10.90088176727295
10.90778923034668
11.766032934188843
11.580012083053589
11.955182075500488
11.235814809799194
11.204923152923584
11.82001805305481
11.465982913970947
11.698176145553589
11.250310897827148
11.52307415008545
11.652554035186768
11.464044094085693
12.012111186981201
11.829905033111572
12.380230903625488
11.57016396522522
11.662373065948486
11.796509981155396
12.145496129989624
11.912633180618286
11.873962879180908
11.285074949264526
11.245203971862793
11.705880165100098
11.864640951156616
12.275043725967407
12.493067979812622
12.145832061767578
12.49800705909729
12.847999811172485
12.722437143325806
11.681604862213135
11.617411136627197
11.77360200881958
11.817091941833496
11.787343740463257
11.549605131149292
11.96811294555664
12.445657014846802
13.946892023086548
15.817183017730713
14.366806030273438
13.57886004447937
13.173952102661133
13.330497741699219
13.322527885437012
13.427480936050415
13.4116051197052
13.299932956695557
13.163136005401611
12.972472190856934
12.85818886756897
11.865984916687012
12.23746109008789
12.284372091293335
12.322943925857544
12.344265937805176
11.875502109527588
11.896445035934448
11.812675952911377
11.983042001724243
12.204531192779541
12.682124137878418
11.472417116165161
11.857704162597656
11.423136949539185
11.437065124511719
11.7689049243927
11.732376098632812
11.531297206878662
11.276074886322021
11.126718044281006
11.253078699111938
11.391459703445435


Namespace(target=0, bs=128, hid_dim=512, path='Data_Molecules/QM7b', result_path='./results/')
Data(edge_index=[2, 25], edge_attr=[25], y=[1, 1], f_d=[5, 100], f_o=[20, 100], f_star=[1, 100], num_nodes=5)
/opt/anaconda3/envs/eml/lib/python3.10/site-packages/torch_geometric/data/in_memory_dataset.py:300: UserWarning: It is not recommended to directly access the internal storage format `data` of an 'InMemoryDataset'. The data of the dataset is already cached, so any modifications to `data` will not be reflected when accessing its elements. Clearing the cache now by removing all elements in `dataset._data_list`. If you are absolutely certain what you are doing, access the internal storage via `InMemoryDataset._data` instead to suppress this warning. Alternatively, you can access stacked individual attributes of every graph via `dataset.{attr_name}`.
  warnings.warn(msg)
  5%|████▌                                                                                          | 48/1000 [09:12<3:01:45, 11.46s/it]Epoch: 049, LR: 0.0050000, Loss: 25.0902,Val MAE: 52.7317
 10%|█████████▎                                                                                     | 98/1000 [18:58<2:57:56, 11.84s/it]Epoch: 099, LR: 0.0032000, Loss: 25.6462,Val MAE: 33.5840
 15%|█████████████▉                                                                                | 148/1000 [28:53<2:49:33, 11.94s/it]Epoch: 149, LR: 0.0020480, Loss: 23.9918,Val MAE: 43.2877
 20%|██████████████████▌                                                                           | 198/1000 [38:53<2:40:48, 12.03s/it]Epoch: 199, LR: 0.0013107, Loss: 21.0645,Val MAE: 711.8450
 25%|███████████████████████▎                                                                      | 248/1000 [48:57<2:31:35, 12.10s/it]Epoch: 249, LR: 0.0006711, Loss: 21.8176,Val MAE: 14.3787
 30%|████████████████████████████                                                                  | 298/1000 [59:04<2:22:34, 12.19s/it]Epoch: 299, LR: 0.0004295, Loss: 19.0751,Val MAE: 70.3474
 35%|████████████████████████████████                                                            | 348/1000 [1:09:02<2:09:37, 11.93s/it]Epoch: 349, LR: 0.0003436, Loss: 21.5819,Val MAE: 159.9405
 40%|████████████████████████████████████▌                                                       | 398/1000 [1:19:04<2:00:56, 12.05s/it]Epoch: 399, LR: 0.0002199, Loss: 18.3586,Val MAE: 70.1555
 45%|█████████████████████████████████████████▏                                                  | 448/1000 [1:29:01<1:49:44, 11.93s/it]Epoch: 449, LR: 0.0001407, Loss: 18.8986,Val MAE: 33.4601
 50%|█████████████████████████████████████████████▊                                              | 498/1000 [1:39:01<1:39:51, 11.94s/it]Epoch: 499, LR: 0.0001126, Loss: 19.0352,Val MAE: 13.9322
 55%|██████████████████████████████████████████████████▍                                         | 548/1000 [1:49:00<1:30:08, 11.97s/it]Epoch: 549, LR: 0.0000901, Loss: 18.5007,Val MAE: 17.6473
 60%|███████████████████████████████████████████████████████                                     | 598/1000 [1:59:01<1:20:18, 11.99s/it]Epoch: 599, LR: 0.0000461, Loss: 19.0756,Val MAE: 12.3363
 65%|███████████████████████████████████████████████████████████▌                                | 648/1000 [2:09:05<1:10:27, 12.01s/it]Epoch: 649, LR: 0.0000369, Loss: 18.7619,Val MAE: 7.5034
 70%|████████████████████████████████████████████████████████████████▏                           | 698/1000 [2:19:06<1:00:25, 12.00s/it]Epoch: 699, LR: 0.0000236, Loss: 18.7002,Val MAE: 13.4629
 75%|██████████████████████████████████████████████████████████████████████▎                       | 748/1000 [2:29:07<50:30, 12.03s/it]Epoch: 749, LR: 0.0000151, Loss: 17.0261,Val MAE: 12.4594
 80%|███████████████████████████████████████████████████████████████████████████                   | 798/1000 [2:39:08<40:33, 12.05s/it]Epoch: 799, LR: 0.0000100, Loss: 18.5536,Val MAE: 12.3954
 85%|███████████████████████████████████████████████████████████████████████████████▋              | 848/1000 [2:49:10<30:33, 12.06s/it]Epoch: 849, LR: 0.0000100, Loss: 17.6602,Val MAE: 7.4561
 90%|████████████████████████████████████████████████████████████████████████████████████▍         | 898/1000 [2:59:12<20:23, 11.99s/it]Epoch: 899, LR: 0.0000100, Loss: 19.0680,Val MAE: 8.3408
 95%|█████████████████████████████████████████████████████████████████████████████████████████     | 948/1000 [3:09:10<10:08, 11.71s/it]Epoch: 949, LR: 0.0000100, Loss: 17.0536,Val MAE: 10.8889
100%|█████████████████████████████████████████████████████████████████████████████████████████████▊| 998/1000 [3:19:28<00:22, 11.42s/it]Epoch: 999, LR: 0.0000100, Loss: 17.7577,Val MAE: 10.1073
100%|█████████████████████████████████████████████████████████████████████████████████████████████| 1000/1000 [3:19:51<00:00, 11.99s/it]
Finish run with best_test=7.3222