11.469170808792114
11.538795948028564
11.256097078323364
11.787214756011963
11.49939775466919
11.181943893432617
11.368438005447388
11.316435813903809
11.24943494796753
11.289348125457764
11.30369782447815
11.307505130767822
11.31747317314148
11.32523798942566
11.32492709159851
11.313496112823486
11.33202600479126
11.337122678756714
11.417657136917114
11.551692008972168
11.479902982711792
11.63536286354065
11.520710229873657
11.560121774673462
11.56854772567749
11.57523512840271
11.571592807769775
11.62649393081665
11.626326084136963
11.622467041015625
11.659396171569824
11.765591144561768
11.728787899017334
12.092068910598755
11.735528945922852
11.686732053756714
11.878289937973022
11.704930782318115
12.409444093704224
12.304646015167236
12.55165982246399
12.533942937850952
11.961504697799683
11.787499904632568
11.678323984146118
11.638067960739136
11.644198179244995
11.649405241012573
11.764545917510986
11.719552993774414
11.678369998931885
11.751980066299438
11.7238028049469
12.021148920059204
11.708240032196045
11.732136964797974
11.795628070831299
11.72996997833252
11.813889026641846
11.838560104370117
11.789147853851318
11.81972599029541
11.812744855880737
11.895036935806274
11.808609008789062
11.797919034957886
11.794978141784668
11.85233998298645
11.794066905975342
12.084027290344238
12.07792592048645
11.974515914916992
12.142990827560425
12.127378225326538
12.115230083465576
12.108933925628662
12.136714935302734
12.030874729156494
11.87192177772522
11.855964183807373
12.009003162384033
12.13408613204956
11.929649114608765
11.852498292922974
12.0364089012146
12.040824174880981
12.272582054138184
12.37748908996582
12.448844909667969
12.327995777130127
12.238534927368164
12.256810188293457
12.235146760940552
12.186158180236816
12.23557186126709
12.367209196090698
12.518792867660522
12.670300245285034
12.800073862075806
12.597667217254639
12.537593841552734
12.554206132888794
12.381763696670532
12.052313804626465
12.000489950180054
11.899171829223633
11.98025393486023
12.365870237350464
12.529218196868896
12.27535104751587
12.320541143417358
12.241514921188354
12.25651502609253
12.19192385673523
11.995414018630981
11.840595960617065
11.81791090965271
11.844380140304565
11.864645004272461
11.862450122833252
11.855569124221802
11.85456919670105
11.855302810668945
11.906423091888428
12.541529893875122
12.888650894165039
12.086485862731934
12.061708927154541
11.883593082427979
11.90504765510559
12.119152307510376
12.549784660339355
12.404668092727661
12.318968057632446
12.289010047912598
12.289718866348267
12.295764207839966
12.277704000473022
12.26627516746521
12.222725868225098
11.966835975646973
11.948496103286743
11.999666929244995
11.885858058929443
11.841216087341309
11.898890018463135
11.907951831817627
11.889219999313354
11.91123104095459
11.962836980819702
11.941162824630737
11.92379117012024
11.93464708328247
11.93051290512085
12.009528875350952
11.926631212234497
11.888700008392334
11.90902304649353
11.941245794296265
11.980257034301758
11.960657835006714
11.98281717300415
11.99081802368164
11.921159982681274
11.906545877456665
11.97012710571289
11.91695499420166
11.914281845092773
11.905946969985962
11.994935035705566
11.943484783172607
11.942108154296875
11.931158781051636
11.951226949691772
11.96440601348877
12.005199909210205
11.93857192993164
11.954558849334717
11.987959146499634
11.880502223968506
12.030525922775269
12.005051851272583
11.942547798156738
11.990742206573486
11.959052801132202
11.931792259216309
11.958703756332397
11.969094038009644
11.959036827087402
11.9099280834198
11.91981291770935
12.039717197418213
11.97708797454834
11.998324155807495
12.611489057540894
11.984974145889282
11.947872161865234
11.96233606338501
11.93667197227478
11.963279008865356
11.956001996994019
11.981547117233276
12.037100791931152
11.993038177490234
12.002454042434692
11.970318078994751
11.961489915847778
12.068205118179321
12.8698890209198
11.409696102142334
11.158670902252197
11.080981969833374
11.118000984191895
11.033654928207397
11.037139892578125
11.098589897155762
11.042250156402588
11.028994083404541
11.063537836074829
11.08713698387146
11.075185060501099
11.138414144515991
11.141461849212646
11.077826976776123
11.229101181030273
11.111405849456787
11.110915899276733
11.152360916137695
11.260909080505371
11.112509965896606
11.073271036148071
11.0803542137146
11.13659119606018
11.076704978942871
11.177479028701782
11.168043851852417
11.084705829620361
11.05520486831665
11.054752111434937
11.05836796760559
11.119668960571289
11.105201959609985
11.09328293800354
11.075618028640747
11.11841106414795
11.144139051437378
11.099467992782593
11.089495182037354
11.051023721694946
11.138231992721558
11.153096914291382
11.15237307548523
11.199456930160522
11.14133071899414
11.130520105361938
11.159728050231934
11.352930068969727
11.131762027740479
11.417488098144531
11.20133090019226
11.145409107208252
11.110400915145874
11.103153228759766
11.160952091217041
11.158715963363647
11.170951843261719
11.117776155471802
11.147775173187256
11.226705074310303
11.154725074768066
11.180344104766846
11.15426516532898
11.139482259750366
11.111473083496094
11.211594104766846
11.184468030929565
11.187726020812988
11.210783004760742
11.213855028152466
11.22648024559021
11.18768572807312
11.210727214813232
11.184767007827759
11.297405004501343
11.225382804870605
11.238877058029175
11.191589832305908
11.187207221984863
11.257975101470947
11.104362964630127
11.086970090866089
11.073514938354492
11.106709003448486
11.130322933197021
11.140822172164917
11.164451837539673
11.122927904129028
11.119325876235962
11.129493951797485
11.1264009475708
11.151132106781006
11.139605045318604
11.162266731262207
11.17941403388977
11.1649649143219
11.608618021011353
11.194394826889038
11.205474138259888
11.152726888656616
11.134889125823975
11.108875036239624
11.097680807113647
11.124292135238647
11.160852909088135
11.149338245391846
11.191648960113525
11.192090034484863
11.151325941085815
11.174612998962402
11.196726083755493
11.234900951385498
11.13244915008545
11.10296106338501
11.146546840667725
11.132150888442993
11.176187753677368
11.17822790145874
11.1767897605896
11.127685070037842
11.138962984085083
11.166130065917969
11.150719165802002
11.140712022781372
11.133906126022339
11.121973991394043
11.1408851146698
11.155565023422241
11.15112590789795
11.158015012741089
11.48174786567688
11.199879884719849
11.179286003112793
11.162364959716797
11.153191804885864
11.285596370697021
11.175905704498291
11.131676197052002
11.204189777374268
11.15861177444458
11.150442838668823
11.132262229919434
11.046652793884277
11.15312385559082
10.914379119873047
10.93065595626831
10.855333089828491
10.895113945007324
10.87785816192627
10.890592813491821
10.939496040344238
10.971589088439941
10.955594062805176
10.924997091293335
10.955798149108887
10.978650093078613
10.961250066757202
10.98910903930664
11.0568208694458
11.002574920654297
10.986647129058838
10.960835933685303
11.046140193939209
10.950659036636353
10.989084005355835
10.978212833404541
11.002654075622559
10.96250605583191
10.998930931091309
11.00882887840271
10.935532093048096
11.01270604133606
10.960520029067993
10.981621980667114
10.96825098991394
11.026996850967407
10.988173007965088
11.024993896484375
11.000252962112427
11.012661933898926
10.973482847213745
11.00248384475708
10.97589373588562
11.009905099868774
11.003894090652466
11.065032958984375
11.029961824417114
11.031221151351929
11.113945245742798
11.027261972427368
11.044625997543335
11.008713960647583
11.046832799911499
11.003551959991455
11.046287298202515
10.966794967651367
11.01294994354248
11.012372970581055
11.040393114089966
11.014675855636597
11.033406257629395
11.062664985656738
11.025377035140991
11.028220891952515
11.026717901229858
11.119123220443726
11.152251243591309
11.84055209159851
11.17755389213562
11.014946937561035
11.04412579536438
11.012224912643433
10.918436050415039
10.912275791168213
10.896466970443726
11.045244932174683
11.084182024002075
11.57364010810852
11.129492998123169
11.030107736587524
11.014550924301147
11.022725105285645
11.020380020141602
10.977395057678223
10.958745241165161
10.981185913085938
10.965453147888184
10.980271100997925
11.014626741409302
10.965507745742798
10.985022068023682
11.009868144989014
10.998650789260864
11.046702146530151
11.019658088684082
10.950494289398193
10.965120077133179
11.041260004043579
11.026617050170898
11.092365980148315
11.107753038406372
11.01583981513977
11.02543592453003
11.099498987197876
11.047600984573364
11.06131100654602
11.007222175598145
11.057049751281738
10.941953659057617
10.981947898864746
10.991649866104126
10.950525999069214
10.950084209442139
10.942864179611206
10.956730127334595
10.986800193786621
10.96323299407959
10.990103006362915
10.945516109466553
10.964485168457031
10.986618995666504
11.027720212936401
11.079726219177246
11.152906894683838
11.132097005844116
11.158267974853516
11.141963958740234
11.15666389465332
11.184143781661987
11.137105941772461
11.156700134277344
11.111394882202148
11.028084993362427
10.995271921157837
10.969884872436523
10.958584785461426
11.006516933441162
11.006282091140747
10.977905035018921
10.975887298583984
10.945329904556274
10.967675924301147
11.003607034683228
10.990790843963623
10.962370157241821
10.988823890686035
10.971159934997559
10.985276937484741
11.011834859848022
10.999174118041992
10.975545167922974
10.980566024780273
11.01258111000061
11.054221868515015
11.020060300827026
11.013862133026123
11.016007900238037
10.995164155960083
11.02721881866455
11.036583185195923
10.99727201461792
11.017530918121338
10.996492862701416
10.988045692443848
11.073132038116455
11.051913261413574
11.001514911651611
10.976500988006592
10.97371530532837
10.99604082107544
11.003484010696411
10.994293928146362
10.999271869659424
10.99013090133667
11.040948867797852
11.030529022216797
11.049407243728638
11.017316818237305
10.969208002090454
10.997187852859497
11.032264947891235
11.016305208206177
11.06762409210205
11.028398990631104
11.088596820831299
11.004698753356934
11.027847051620483
10.95304799079895
10.976107120513916
10.98552918434143
11.00312089920044
11.013997077941895
10.994539976119995
10.996269941329956
11.02308201789856
11.235193729400635
11.18982481956482
10.99698781967163
10.979298114776611
10.975380897521973
10.977984189987183
11.020792961120605
11.055779933929443
11.169779062271118
10.988697052001953
11.000472068786621
10.957540035247803
10.953773021697998
10.962222814559937
10.96951413154602
10.932821989059448
10.94800090789795
10.94254207611084
11.086169004440308
10.969401121139526
10.963218927383423
10.98322606086731
10.988797187805176
10.97815489768982
10.996738910675049
10.993515014648438
10.937707901000977
11.01140308380127
10.98218822479248
10.984610080718994
10.982544183731079
11.02580213546753
11.143776893615723
11.15002703666687
10.998651027679443
11.096749067306519
11.044605016708374
11.004025936126709
10.919240951538086
11.058974266052246
11.250543117523193
11.101699113845825
11.262943983078003
11.113399267196655
11.013152837753296
11.00925588607788
10.965604066848755
11.004668951034546
10.969707012176514
10.947510719299316
10.942960023880005
10.911983728408813
10.929290056228638
10.927392959594727
10.919669151306152
10.978073120117188
10.969753980636597
10.926494121551514
10.957415342330933
10.914467096328735
10.995583057403564
11.037085056304932
11.009307146072388
10.97826099395752
10.940088033676147
11.066982984542847
10.991583108901978
10.996294975280762
10.996340036392212
10.949952125549316
11.000440835952759
10.965928077697754
10.971402883529663
11.096081256866455
10.970471858978271
10.945480823516846
10.970759153366089
10.996782064437866
10.97671914100647
10.92681097984314
10.934139013290405
10.980154991149902
10.980338096618652
10.9467031955719
10.98038101196289
10.998090982437134
10.956874370574951
10.947783708572388
10.98219609260559
10.983985185623169
10.950515747070312
10.972015857696533
10.931766033172607
10.964082956314087
10.945107221603394
11.01404070854187
10.94512677192688
11.061983823776245
11.081753969192505
10.995167970657349
10.976749181747437
11.040730237960815
10.97150707244873
10.932995080947876
10.922045946121216
10.936472177505493
10.92504072189331
10.917442083358765
10.94155216217041
10.933811902999878
10.958865880966187
10.922847032546997
10.936949968338013
11.002716302871704
11.075941801071167
11.173412084579468
11.249070882797241
11.312755823135376
11.253818273544312
11.214977025985718
11.203757047653198
11.201064348220825
11.31569790840149
11.187587976455688
11.212376117706299
11.186156034469604
11.187635898590088
11.1786630153656
11.150934934616089
11.220699787139893
11.133669137954712
11.147757053375244
11.184300899505615
11.117808103561401
11.13097095489502
11.125289916992188
11.121272087097168
11.125053882598877
11.163758993148804
11.139266967773438
11.121209859848022
11.121165037155151
11.1425461769104
11.174314975738525
11.146776914596558
11.120832920074463
11.123708009719849
11.145909070968628
11.108050346374512
11.100961923599243
11.14686107635498
11.149707078933716
11.101413011550903
11.138101816177368
11.123740196228027
11.133668899536133
11.179615259170532
11.158189058303833
11.120852947235107
11.138252019882202
11.140908002853394
11.114617109298706
11.248985052108765
11.10792088508606
11.164783954620361
11.122775077819824
11.176526069641113
11.174716711044312
11.164254188537598
11.151403903961182
11.372153043746948
10.781978130340576
10.657267093658447
10.483301877975464
10.46360182762146
10.457629203796387
10.419830083847046
10.416646003723145
10.432044982910156
10.41362714767456
10.402590036392212
10.4316987991333
10.476956367492676
10.397822856903076
10.408894062042236
10.397925853729248
10.37749195098877
10.366844892501831
10.419565916061401
10.358013153076172
10.358340978622437
10.363862037658691
10.378870725631714
10.402163028717041
10.46885895729065
10.42122483253479
10.466956853866577
10.537868976593018
10.47215485572815
10.504359245300293
10.510227918624878
10.459591150283813
10.567255020141602
10.483783960342407
10.505160808563232
10.512563943862915
10.436172008514404
10.442671060562134
10.445946216583252
10.429787158966064
10.412720918655396
10.39382815361023
10.401601076126099
10.400041103363037
10.381142854690552
10.493636846542358
10.447991847991943
10.482187032699585
10.628455877304077
10.59762692451477
10.534517049789429
10.543943166732788
10.552011013031006
10.54200792312622
10.48954176902771
10.472304821014404
10.611802101135254
10.445997953414917
10.485888957977295
10.360895156860352
10.339060068130493
10.346513986587524
10.363108158111572
10.335124015808105
10.661203145980835
10.498840093612671
10.4962899684906
10.460948944091797
10.482282161712646
10.402278184890747
10.442879915237427
10.381886959075928
10.411659717559814
10.405595779418945
10.368741989135742
10.369585990905762
10.355903148651123
10.382693767547607
10.384948015213013
10.436820983886719
10.405547142028809
10.442303895950317
10.429346799850464
10.604598999023438
10.522624015808105
10.509914875030518
10.484786748886108
10.42850399017334
10.546144008636475
10.400931119918823
10.398621320724487
10.379885196685791
10.371835947036743
10.40623688697815
10.383291959762573
10.392090797424316
10.38601803779602
10.382323265075684
10.419219970703125
10.410586833953857
10.374099016189575
10.371612071990967
10.34960675239563
10.369812250137329
10.45627212524414
10.526389122009277
11.467644214630127
12.09706425666809
11.825370073318481
11.778640031814575
11.760279655456543
11.703722953796387
11.700348138809204
11.679097890853882
11.701251029968262
11.729229927062988
11.693255186080933
11.657261848449707
11.745110988616943
11.830790758132935
12.74388313293457
12.01448917388916
12.059128046035767
12.098804950714111
12.955168008804321
12.790836095809937
12.703386068344116
12.202866315841675
12.431910037994385
12.754415035247803
12.541676044464111
12.127968072891235
12.378125667572021
12.04043960571289
12.34453010559082
12.4913809299469
12.483519077301025
12.220146894454956
12.48311710357666
12.549806833267212
12.72110915184021
12.089503049850464
11.782466888427734
11.765927791595459
12.329163074493408
12.35219669342041
13.326559066772461
13.089807987213135
12.35094690322876
11.439367055892944
12.6742582321167
12.745007038116455
13.299078941345215
13.190836191177368
12.442131996154785
11.676716089248657
11.881821155548096
11.56217885017395
11.655253171920776
11.732285022735596
11.838340044021606
12.239534854888916
11.88014006614685
11.89350414276123
11.943933963775635
12.127527952194214
11.890548944473267
12.126843929290771
11.976027965545654
11.807236194610596
11.573224067687988
11.755403995513916
12.03223705291748
11.609396934509277
11.850053071975708
11.954305171966553
12.039441108703613
11.895838975906372
12.233274936676025
11.579044103622437
11.85002088546753
12.600194692611694
12.185468912124634
11.935073852539062
11.723810911178589
11.63467001914978
12.387187957763672
11.983963012695312
11.943314790725708
11.842648983001709
12.087318658828735
12.157894134521484
12.0626540184021
11.584482192993164
11.733920097351074
11.630331993103027
11.440089225769043
11.40422511100769
11.591455936431885
11.627945899963379
11.671602249145508
11.650742769241333
11.850648164749146
11.633257865905762
11.700713872909546
11.559170722961426
11.947436094284058
11.961830139160156
11.59813904762268
11.585222005844116
12.567192077636719
12.041245937347412
12.042357921600342
12.174313068389893
12.332135915756226
12.716546058654785
11.764292240142822
14.311790943145752
14.199136972427368
14.264616250991821
14.420155048370361
14.075134038925171
13.249827861785889
13.431812047958374
13.347531080245972
13.83741021156311
14.58090591430664
14.810619115829468
15.099063873291016
15.239330768585205
12.906766176223755
12.769493103027344
12.672948837280273
12.35851001739502
12.272538185119629
11.709660053253174
12.038333177566528
12.399131059646606
12.514932870864868
12.694554805755615
12.143820762634277
12.300580263137817
12.174134969711304
12.364732027053833
12.551074981689453
12.393847942352295
12.288421869277954
12.317670106887817
12.16950511932373
12.301363229751587
12.089765310287476
12.284934043884277
12.306785106658936
12.823993682861328
11.910160779953003
11.631288051605225
11.643826007843018
11.662429809570312
11.687992095947266
11.499476909637451
12.09446406364441
11.789360284805298
11.925334692001343
12.26155424118042
12.104241132736206
11.972055196762085
12.0660719871521
12.27504014968872
12.272161960601807
12.346398115158081
12.562613010406494
13.117390155792236
12.091990232467651
12.14351201057434
11.950800895690918
12.388227224349976
12.270018100738525
12.908395051956177
12.942359209060669
12.957324028015137
12.832119941711426
12.484072208404541
12.736851215362549
15.090399980545044
12.858663320541382
13.325500011444092


Namespace(target=0, bs=128, hid_dim=512, path='.Invariant/QM7b', result_path='./results/')
Data(edge_index=[2, 25], edge_attr=[25], y=[1, 1], f_d=[5, 1], f_o=[20, 1], f_star=[1, 1], num_nodes=5)
/opt/anaconda3/envs/eml/lib/python3.10/site-packages/torch_geometric/data/in_memory_dataset.py:300: UserWarning: It is not recommended to directly access the internal storage format `data` of an 'InMemoryDataset'. The data of the dataset is already cached, so any modifications to `data` will not be reflected when accessing its elements. Clearing the cache now by removing all elements in `dataset._data_list`. If you are absolutely certain what you are doing, access the internal storage via `InMemoryDataset._data` instead to suppress this warning. Alternatively, you can access stacked individual attributes of every graph via `dataset.{attr_name}`.
  warnings.warn(msg)
  5%|████▌                                                                                          | 48/1000 [09:25<3:07:28, 11.82s/it]Epoch: 049, LR: 0.0050000, Loss: 38.2544,Val MAE: 49.6232
 10%|█████████▎                                                                                     | 98/1000 [19:27<3:07:05, 12.44s/it]Epoch: 099, LR: 0.0032000, Loss: 28.0450,Val MAE: 40.8485
 15%|█████████████▉                                                                                | 148/1000 [29:36<2:50:09, 11.98s/it]Epoch: 149, LR: 0.0025600, Loss: 26.9332,Val MAE: 13.4738
 20%|██████████████████▌                                                                           | 198/1000 [39:35<2:40:51, 12.03s/it]Epoch: 199, LR: 0.0016384, Loss: 22.7239,Val MAE: 18.6740
 25%|███████████████████████▎                                                                      | 248/1000 [49:02<2:19:10, 11.10s/it]Epoch: 249, LR: 0.0010486, Loss: 23.5514,Val MAE: 21.4819
 30%|████████████████████████████                                                                  | 298/1000 [58:21<2:10:16, 11.13s/it]Epoch: 299, LR: 0.0006711, Loss: 23.9863,Val MAE: 19.2422
 35%|████████████████████████████████                                                            | 348/1000 [1:07:40<2:01:35, 11.19s/it]Epoch: 349, LR: 0.0004295, Loss: 22.0962,Val MAE: 22.4730
 40%|████████████████████████████████████▌                                                       | 398/1000 [1:16:50<1:51:05, 11.07s/it]Epoch: 399, LR: 0.0002749, Loss: 22.5551,Val MAE: 12.8195
 45%|█████████████████████████████████████████▏                                                  | 448/1000 [1:26:03<1:41:17, 11.01s/it]Epoch: 449, LR: 0.0001759, Loss: 19.9942,Val MAE: 12.1498
 50%|█████████████████████████████████████████████▊                                              | 498/1000 [1:35:15<1:33:24, 11.16s/it]Epoch: 499, LR: 0.0001126, Loss: 20.8910,Val MAE: 13.4377
 55%|██████████████████████████████████████████████████▍                                         | 548/1000 [1:44:26<1:23:14, 11.05s/it]Epoch: 549, LR: 0.0000901, Loss: 21.5401,Val MAE: 13.5985
 60%|███████████████████████████████████████████████████████                                     | 598/1000 [1:53:37<1:13:19, 10.94s/it]Epoch: 599, LR: 0.0000576, Loss: 20.9342,Val MAE: 15.4535
 65%|███████████████████████████████████████████████████████████▌                                | 648/1000 [2:02:46<1:04:25, 10.98s/it]Epoch: 649, LR: 0.0000295, Loss: 19.5775,Val MAE: 11.8613
 70%|█████████████████████████████████████████████████████████████████▌                            | 698/1000 [2:12:02<56:01, 11.13s/it]Epoch: 699, LR: 0.0000189, Loss: 22.7728,Val MAE: 12.8527
 75%|██████████████████████████████████████████████████████████████████████▎                       | 748/1000 [2:20:57<44:37, 10.62s/it]Epoch: 749, LR: 0.0000100, Loss: 23.7621,Val MAE: 11.7243
 80%|███████████████████████████████████████████████████████████████████████████                   | 798/1000 [2:29:40<35:15, 10.47s/it]Epoch: 799, LR: 0.0000100, Loss: 21.5435,Val MAE: 11.9894
 85%|███████████████████████████████████████████████████████████████████████████████▋              | 848/1000 [2:39:07<31:08, 12.29s/it]Epoch: 849, LR: 0.0000100, Loss: 21.6035,Val MAE: 14.7283
 90%|████████████████████████████████████████████████████████████████████████████████████▍         | 898/1000 [2:49:15<20:30, 12.06s/it]Epoch: 899, LR: 0.0000100, Loss: 21.5396,Val MAE: 14.3464
 95%|█████████████████████████████████████████████████████████████████████████████████████████     | 948/1000 [2:59:42<11:21, 13.10s/it]Epoch: 949, LR: 0.0000100, Loss: 22.7605,Val MAE: 13.3401
100%|█████████████████████████████████████████████████████████████████████████████████████████████▊| 998/1000 [3:09:58<00:26, 13.41s/it]Epoch: 999, LR: 0.0000100, Loss: 21.0963,Val MAE: 13.2911
100%|█████████████████████████████████████████████████████████████████████████████████████████████| 1000/1000 [3:10:24<00:00, 11.42s/it]
Finish run with best_test=12.8078
